[STARTUP]
USE_CYCLONEPRO_RELAYS=1
FORCE_MASS_ERASE=0
ECLIPSE_SHOW_CONNECTION_ASSISTANT=1
CPUTARGETTYPENAME=
CYCLONEPRO_POWEROFFONEXIT=0
CYCLONEPRO_CURRENTVOLTAGE=128
CYCLONEPRO_POWERDOWNDELAY=250
CYCLONEPRO_POWERUPDELAY=250
MULTILINK_POWERDOWNDELAY=250
MULTILINK_POWERUPDELAY=1000
USE_SWD=1
IO_DELAY_CNT=0
FREQ_FX=4
FREQ_NORMAL=0
FREQ_OSJTAG=0
FREQ_CYCLONE=1
FREQ_TRACELINK=1
FREQ_LIGHTNING=1
FREQ_OPENSDA=1
RESET_DELAY=0
INTERFACE_SELECTION=1
TRACELINK_MAXBUFFERSIZE=1
SHOWDIALOG=1
SWO_BAUDRATE_SWITCH_MULTILINK_VALUE=-1.000000
SWO_BAUDRATE_SWITCH_TARGET_VALUE=-1.000000

[PEDEBUG]
CURRENT_ALGORITHM_INDEX=0
CURRENTDEVICE=NXP_KL2x_KL25Z128M4
CURRENTMODE=4

[GENERAL]
CORBA_IDENTIFIER0=IOR:000000000000001a49444c3a4d794d6f64756c652f7069636b4c6973743a312e30000000000000010000000000000086000102000000000d3139322e3136382e32352e380000cf6e00000031afabcb0000000020270337bd00000001000000000000000100000008526f6f74504f4100000000080000000100000000140
CORBA_IDENTIFIER1=00000000000020000000100000020000000000001000100000002050100010001002000010109000000010001010000000026000000020002

[STARTUP12]
SHOW_HSTEP_ASSEMBLY_DETAILS_NEW=0
